49744
20738
20319
79568
78194
48701
69552
62781
85323
99344
27523
48039
91532
21306
52409
33901
80772
13849
72294
86065
93987
81640
25701
98611
80949
84717
31599
87119
56659
60864
64914
41931
13675
85486
99589
80942
66446
62260
17991
38666
82715
96748
76620
39724
83462
80757
80161
27338
29349
19921
33222
29944
33806
70346
62146
29455
13072
78082
68244
92699
77401
53297
47145
21714
38897
26583
33538
50607
29920
86162
20887
70011
91072
78041
36971
93552
35166
55765
62548
25287
16941
92686
18196
98271
70197
60087
94691
71834
66838
99514
87478
31855
63670
96582
56506
22986
28459
81838
73857
65911
70631
35372
59537
69802
60922
98033
61192
10544
70076
10345
44069
51368
32209
93608
66052
18194
61876
38359
99648
26870
42700
60343
86403
68549
94395
54117
82957
76970
21467
63240
41407
79043
68714
88316
74330
95754
97007
23600
35794
51155
38878
88160
85960
19608
15335
37858
52362
92440
40806
71751
42549
97573
70977
82166
73168
33988
81017
97826
49366
58833
12049
44295
33286
68443
72269
56222
66315
76461
46531
63925
34114
81992
24536
22518
11355
31145
55129
17135
19316
63206
31039
20090
25633
95984
28231
79070
20608
31697
13523
44342
58138
53615
13400
44548
24137
30607
53530
44035
56874
79779
43670
18036
92084
95857
59178
77507
24249
68856
46913
77339
40867
20361
10126
56279
37924
35066
79906
77938
30427
49792
10401
27300
15461
86381
25350
79472
11038
31085
29807
50918
56092
18839
12995
89946
59719
23083
14050
61314
55468
32735
54600
15821
88847
99872
53375
35209
77630
96800
26264
35274
25538
23186
91734
91485
89103
78785
13949
44396
16507
65200
67353
44969
70144
52148
43359
83268
92052
56773
77013
83505
44966
30790
73511
17994
52046
71445
31099
96873
63090
39327
33913
38546
16726
86820
61083
40096
95004
17136
87117
44050
65352
13813
82994
16136
13490
51061
61335
52053
50455
50980
58258
52546
32924
98144
74993
27437
46078
35719
91307
82413
21224
95996
61607
71741
48452
16452
29032
68251
15226
82072
78732
26072
44560
57175
86181
70004
21403
25396
22388
70087
35852
16149
12499
49826
64984
84227
13306
74909
74115
82914
32578
30971
58566
68362
23665
45658
29325
11640
73355
87940
47689
80029
94261
84444
65441
93632
27259
52365
39145
54077
22106
21462
61680
87688
82919
70741
94102
20816
23126
46112
78700
37497
34307
32939
55698
28008
56695
45273
26479
17458
13240
49411
11293
59492
39242
82125
10425
96169
72148
98699
64519
75839
99109
52989
19839
33892
57138
85986
63721
11728
97643
75752
78681
69201
22897
84476
70192
11796
24791
91343
71121
19725
55131
10398
43837
96472
15661
73100
16347
78667
62503
55388
30709
34765
13082
92169
74594
74628
36549
35684
44535
41585
35820
48491
36868
24081
44738
14242
66040
38756
12973
39993
74626
50280
96839
80128
78847
91308
26341
53571
18687
61386
44578
21602
39402
98549
57082
95948
55751
42067
28553
47930
32007
52341
71093
74053
59959
34557
55998
22907
23079
40762
11191
37934
12082
61831
15330
70852
85973
34561
74529
39741
20706
80276
65709
36696
94364
20233
27112
99335
37076
92060
46294
25253
45857
41637
93798
17452
36934
22889
71786
40024
35594
46950
12379
16945
61614
48173
32624
94003
21551
49500
91508
71692
62379
70549
87238
16792
93509
72142
92474
53189
77138
41950
85591
78605
62515
49015
41423
47452
57647
21068
30120
95959
93197
80423
57729
29453
28326
46744
81115
38857
49849
55419
78335
60739
35968
18079
53376
41369
30754
81555
43955
38988
38187
99187
37551
13548
16827
43704
19039
70278
80016
62776
79357
64692
98491
88957
74622
47277
96504
87114
49142
92395
78246
11014
18985
76726
57367
28336
24092
25097
94664
51015
40965
89650
76254
69293
11002
60647
46338
36587
89640
27182
11523
33740
71700
85059
93168
96566
91222
62135
75319
14722
91216
58320
74828
11918
84262
47931
46840
24878
20196
20053
67727
97721
99910
51916
39198
15353
27494
52327
25445
29317
94384
19572
36386
31160
73783
54235
16618
16583
19080
57657
73272
69949
75895
41001
14825
94637
54556
33409
74248
25684
48181
69001
49706
54409
91718
31725
72533
45613
15604
32504
62179
72501
30561
79165
31571
13483
20894
23467
92291
94833
95658
51242
73738
30352
27292
86166
72308
73796
30666
13744
94746
15788
58081
23677
20968
56889
63353
12017
85307
59926
46647
99274
34708
26098
70078
86009
65008
19264
20880
80697
71856
62253
49783
46304
21948
96173
67970
29760
73066
77146
37411
13440
70769
24345
38871
34643
85582
48894
94213
18933
92678
53120
64527
10371
59311
44618
86901
90476
49214
12902
77674
58536
55151
62585
79446
42137
12461
19364
45512
68482
85801
27769
88199
99552
20141
22666
86571
20972
67365
96745
30339
64329
96535
61214
41068
54705
58853
80242
50060
47480
12425
44531
70463
62417
41173
72821
27947
15054
42867
71107
21999
87293
57292
89185
66923
57480
92097
97667
50851
92405
22888
86556
62406
17094
62672
27924
82298
89119
74159
69593
88983
93972
36585
52166
62447
94429
41624
14949
51582
54462
92666
73886
95390
75706
72752
96156
35797
76304
17302
29863
71018
79393
39665
59897
19583
39734
54048
53737
25787
68097
84659
66422
61057
26983
78620
75994
91182
39465
31512
67267
92670
88963
69591
34360
21342
48368
84355
72598
25399
77633
12872
12911
67871
79299
62490
71363
42174
23543
33152
60595
76463
53592
66429
25297
48577
42304
93639
42775
50460
29524
46795
79152
14530
68493
24568
60047
16856
11257
45834
67239
90933
82510
41567
67771
51836
24272
98163
42341
99975
86706
63008
33127
56060
37624
17196
77494
31050
30922
13399
54645
62173
62597
25348
60690
58377
38765
59869
95782
43833
57964
79937
35657
38354
91373
28546
38067
60370
36600
92953
43812
28600
56239
88573
23117
18732
39600
73867
77524
45578
46821
62249
29888
54493
25883
53727
28962
89727
60204
27607
54053
78805
27832
69578
13366
50257
61725
74296
49595
68879
30887
77646
55065
71461
20455
15976
44244
19368
66895
63579
25319
65478
98576
30591
92278
11161
24787
32547
34401
19631
97521
42475
45770
96953
77277
21192
96102
83877
43843
94704
33068
32295
14212
26374
72056
33837
74749
84678
37631
89434
41106
67810
52560
28995
17694
19388
19607
63536
43226
85270
11781
59217
20981
41651
51009
27331
52422
60900
40218
46711
47987
41207
47097
77564
94018
74639
56126
