57964
85861
65072
74248
83454
94102
26808
67392
47428
72568
97243
36600
31571
31571
10805
31571
38756
54584
28326
65553
72533
39741
89912
57082
94974
61876
57082
65871
22897
45613
23217
23325
56060
66429
34428
50436
27795
94102
95754
94018
65319
95959
75639
86975
61805
66429
66912
97381
58983
95959
95959
13408
85400
93552
56773
80011
39741
85362
22897
85216
20843
82515
90966
83969
81770
96472
94102
51437
18034
28326
26374
95959
33837
78550
96504
45613
39027
21306
27834
27430
92472
35418
61876
56773
57082
36019
57607
36600
72703
30035
37752
89828
55131
96472
28326
50890
76391
56060
57964
96472
78246
83680
53263
83656
95754
55131
56233
96472
96748
72533
59959
24943
94323
15236
18518
74248
60690
91941
94102
95959
22080
57082
63844
71668
31571
76136
91182
30786
96999
61876
52311
64533
18737
43212
56060
42389
15593
61876
37497
33837
57779
66923
15356
90678
19142
28326
61567
25615
68569
97177
70211
97882
72533
87204
45613
40287
24791
39494
57853
30509
99552
28655
86203
28326
59959
28326
57082
90360
28326
80949
91182
31571
11763
70755
31571
28326
17000
54266
57094
26374
57082
45613
34423
74248
31899
33837
10744
41568
99552
74248
66429
11293
99229
22051
37497
56348
14398
83213
38315
99487
58472
94582
36917
89269
48607
14389
94980
14162
13677
59959
94102
27399
40204
57964
33837
28326
33390
18925
74248
39885
72533
12967
66429
10670
72755
90026
78545
82018
94018
37018
21306
97675
26374
62988
56060
50209
77608
53662
87206
39741
91182
77607
22065
95959
22897
56060
91182
96472
66429
25151
61863
96504
39741
59959
36687
96472
65200
31571
29954
56352
98520
45613
10313
90071
21780
52625
42928
32010
33885
38104
20462
94102
57082
13777
31571
38756
57082
72533
47113
68753
60253
53200
29956
42850
38756
55131
23484
61958
80803
92626
22440
61876
99641
45613
56775
80949
91182
33837
45613
41238
38756
10801
50528
31571
37070
36600
69578
36796
66923
98969
59959
90116
33837
14132
79616
36600
22897
80913
83141
62781
39741
57964
96564
78034
64955
13437
13757
90508
52004
96504
65506
94963
33837
57082
29694
56060
60690
11772
55131
72533
19223
86868
24936
38756
66429
28326
66923
96472
95114
62631
53862
39694
66429
34312
62781
24791
60690
20133
29503
45613
78246
78868
96472
10794
85055
55416
45462
72533
80949
54307
91182
10418
96426
91637
73001
62824
66157
79240
62781
28326
96504
16963
40392
11248
18166
19380
43878
94102
96504
55131
52279
26129
35627
24557
39741
57082
34347
61876
30120
96504
59959
35597
70815
86837
33144
38522
39741
57964
38756
82170
29320
99552
37497
64652
57964
21420
66429
81872
66923
20821
62781
26374
66923
95959
29914
76512
92616
53874
25654
62381
36600
64032
21306
57082
56612
66429
69207
61270
86333
15652
93977
52251
27427
39741
54610
91182
59523
65211
26687
95959
95754
26984
56060
66294
19968
21306
57082
96472
28461
35169
27971
26374
43799
31491
55131
19526
96472
39741
56060
45181
95754
88028
58553
56923
85950
36600
24791
41905
56773
75129
78267
28059
21306
70751
56060
94102
28879
98589
80065
59959
91182
71029
42031
24610
89413
42336
61876
94018
23498
45613
91182
91182
69578
22480
31571
30582
68940
57082
58684
80949
72636
56060
20461
96504
94102
11293
54313
95243
41331
59959
76566
85632
56060
61876
40423
72026
87456
56060
77742
74248
66923
27043
95754
18741
61876
21650
71451
66923
87009
59056
66720
74550
70483
26374
45613
12508
17587
94018
80949
95754
14438
28326
41187
78246
67264
45613
21995
57964
72533
79494
36600
78246
22311
45613
33868
66923
42514
86978
57082
56060
53011
78246
68730
61876
45633
94102
48066
10822
77129
56773
42238
27558
68325
98113
69363
69743
54738
31098
43227
46055
97100
14512
96472
38982
54465
14458
78246
29940
61876
96501
94871
18552
24791
37543
59756
96504
99175
43162
30120
66308
94018
71006
36600
97794
36600
45613
96504
61876
39741
96472
83600
54203
55131
39741
10226
93557
44570
70870
84105
28326
66240
11293
91182
31571
48955
96472
89320
80919
57964
57010
56655
68761
68712
99655
63856
31571
36600
39741
66923
94777
27698
78246
87841
35779
62336
99090
39148
11307
65867
20228
89446
21201
55131
91236
91182
98018
62574
70801
17870
11293
61796
91182
96472
56060
69471
58248
78246
35070
28326
34484
66429
61948
52672
51517
55131
19268
21306
84160
45613
71606
57082
83154
46063
36600
52774
85982
95959
59716
61876
56060
65512
78254
97659
15368
79698
56060
48563
24307
96472
39899
97868
61876
97721
96472
95736
96472
96472
78098
88758
56981
37114
91182
45967
22940
19791
54989
95959
59296
91182
48087
44870
33837
71150
71531
78226
65652
81929
96748
61876
66429
85514
66429
28326
70447
62505
57964
26191
94102
82628
78246
31571
63529
57572
28326
61026
87545
50053
21306
74875
50395
96504
26374
16834
61876
91182
66292
53687
22897
23550
56060
56060
72991
86690
36161
94102
28570
11574
66429
56060
30120
32659
59959
69406
78246
83908
83391
57082
66923
95959
39880
54107
64308
28326
81726
64896
38756
57082
87003
95754
59816
31571
62517
56078
45613
41031
96504
84870
28326
89861
55131
21306
36600
92176
38864
35639
78246
77596
33837
95754
96472
31571
99552
64487
99879
61876
12495
74404
95959
51751
68547
71495
13991
75100
38756
67701
13630
17769
23907
28214
26374
86827
18277
73936
25272
38756
83420
78246
19454
57964
14722
89903
71581
11293
80109
40266
53926
61876
26374
82687
93799
57484
55131
91182
99552
31571
39741
57964
12794
23333
34097
78032
28326
50627
78246
57082
94102
74408
19600
46856
29078
30252
68664
24791
94102
56060
95959
95754
34683
92313
91182
59959
21975
24559
47902
22798
99552
39741
32691
23562
66077
39741
80189
61431
69640
26374
94102
99863
99552
74248
31571
53714
95959
26950
36659
97476
99552
57468
29690
55505
11293
11115
26859
66429
36600
13083
94102
72533
66923
80949
12887
39275
45613
79435
31571
40579
95754
55131
25666
96504
94102
33837
59959
38775
62695
38944
88366
88848
26374
26374
86464
93818
44410
47153
48956
28326
33837
52782
99552
30120
49059
99552
83930
36600
36600
53884
29797
58819
90078
93677
31723
57082
96472
61876
91182
18348
97721
54202
42638
36600
66429
12795
10644
81984
38756
36600
73723
66429
19419
64134
83283
21538
49769
48222
33837
70442
45613
99991
96504
32409
28988
