10126
10345
10371
10398
10401
10425
10544
11002
11014
11038
11161
11191
11257
11293
11355
11523
11640
11728
11781
11796
11918
12017
12049
12082
12379
12425
12461
12499
12872
12902
12911
12973
12995
13072
13082
13240
13306
13366
13399
13400
13440
13483
13490
13523
13548
13675
13744
13813
13849
13949
14050
14212
14242
14530
14722
14825
14949
15054
15226
15330
15335
15353
15461
15604
15661
15788
15821
15976
16136
16149
16347
16452
16507
16583
16618
16726
16792
16827
16856
16941
16945
17094
17135
17136
17196
17302
17452
17458
17694
17991
17994
18036
18079
18194
18196
18687
18732
18839
18933
18985
19039
19080
19264
19316
19364
19368
19388
19572
19583
19607
19608
19631
19725
19839
19921
20053
20090
20141
20196
20233
20319
20361
20455
20608
20706
20738
20816
20880
20887
20894
20968
20972
20981
21068
21192
21224
21306
21342
21403
21462
21467
21551
21602
21714
21948
21999
22106
22388
22518
22666
22888
22889
22897
22907
22986
23079
23083
23117
23126
23186
23467
23543
23600
23665
23677
24081
24092
24137
24249
24272
24345
24536
24568
24787
24791
24878
25097
25253
25287
25297
25319
25348
25350
25396
25399
25445
25538
25633
25684
25701
25787
25883
26072
26098
26264
26341
26374
26479
26583
26870
26983
27112
27182
27259
27292
27300
27331
27338
27437
27494
27523
27607
27769
27832
27924
27947
28008
28231
28326
28336
28459
28546
28553
28600
28962
28995
29032
29317
29325
29349
29453
29455
29524
29760
29807
29863
29888
29920
29944
30120
30339
30352
30427
30561
30591
30607
30666
30709
30754
30790
30887
30922
30971
31039
31050
31085
31099
31145
31160
31512
31571
31599
31697
31725
31855
32007
32209
32295
32504
32547
32578
32624
32735
32924
32939
33068
33127
33152
33222
33286
33409
33538
33740
33806
33837
33892
33901
33913
33988
34114
34307
34360
34401
34557
34561
34643
34708
34765
35066
35166
35209
35274
35372
35594
35657
35684
35719
35794
35797
35820
35852
35968
36386
36549
36585
36587
36600
36696
36868
36934
36971
37076
37411
37497
37551
37624
37631
37858
37924
37934
38067
38187
38354
38359
38546
38666
38756
38765
38857
38871
38878
38897
38988
39145
39198
39242
39327
39402
39465
39600
39665
39724
39734
39741
39993
40024
40096
40218
40762
40806
40867
40965
41001
41068
41106
41173
41207
41369
41407
41423
41567
41585
41624
41637
41651
41931
41950
42067
42137
42174
42304
42341
42475
42549
42700
42775
42867
43226
43359
43670
43704
43812
43833
43837
43843
43955
44035
44050
44069
44244
44295
44342
44396
44531
44535
44548
44560
44578
44618
44738
44966
44969
45273
45512
45578
45613
45658
45770
45834
45857
46078
46112
46294
46304
46338
46531
46647
46711
46744
46795
46821
46840
46913
46950
47097
47145
47277
47452
47480
47689
47930
47931
47987
48039
48173
48181
48368
48452
48491
48577
48701
48894
49015
49142
49214
49366
49411
49500
49595
49706
49744
49783
49792
49826
49849
50060
50257
50280
50455
50460
50607
50851
50918
50980
51009
51015
51061
51155
51242
51368
51582
51836
51916
52046
52053
52148
52166
52327
52341
52362
52365
52409
52422
52546
52560
52989
53120
53189
53297
53375
53376
53530
53571
53592
53615
53727
53737
54048
54053
54077
54117
54235
54409
54462
54493
54556
54600
54645
54705
55065
55129
55131
55151
55388
55419
55468
55698
55751
55765
55998
56060
56092
56126
56222
56239
56279
56506
56659
56695
56773
56874
56889
57082
57138
57175
57292
57367
57480
57647
57657
57729
57964
58081
58138
58258
58320
58377
58536
58566
58833
58853
59178
59217
59311
59492
59537
59719
59869
59897
59926
59959
60047
60087
60204
60343
60370
60595
60647
60690
60739
60864
60900
60922
61057
61083
61192
61214
61314
61335
61386
61607
61614
61680
61725
61831
61876
62135
62146
62173
62179
62249
62253
62260
62379
62406
62417
62447
62490
62503
62515
62548
62585
62597
62672
62776
62781
63008
63090
63206
63240
63353
63536
63579
63670
63721
63925
64329
64519
64527
64692
64914
64984
65008
65200
65352
65441
65478
65709
65911
66040
66052
66315
66422
66429
66446
66838
66895
66923
67239
67267
67353
67365
67727
67771
67810
67871
67970
68097
68244
68251
68362
68443
68482
68493
68549
68714
68856
68879
69001
69201
69293
69552
69578
69591
69593
69802
69949
70004
70011
70076
70078
70087
70144
70192
70197
70278
70346
70463
70549
70631
70741
70769
70852
70977
71018
71093
71107
71121
71363
71445
71461
71692
71700
71741
71751
71786
71834
71856
72056
72142
72148
72269
72294
72308
72501
72533
72598
72752
72821
73066
73100
73168
73272
73355
73511
73738
73783
73796
73857
73867
73886
74053
74115
74159
74248
74296
74330
74529
74594
74622
74626
74628
74639
74749
74828
74909
74993
75319
75706
75752
75839
75895
75994
76254
76304
76461
76463
76620
76726
76970
77013
77138
77146
77277
77339
77401
77494
77507
77524
77564
77630
77633
77646
77674
77938
78041
78082
78194
78246
78335
78605
78620
78667
78681
78700
78732
78785
78805
78847
79043
79070
79152
79165
79299
79357
79393
79446
79472
79568
79779
79906
79937
80016
80029
80128
80161
80242
80276
80423
80697
80757
80772
80942
80949
81017
81115
81555
81640
81838
81992
82072
82125
82166
82298
82413
82510
82715
82914
82919
82957
82994
83268
83462
83505
83877
84227
84262
84355
84444
84476
84659
84678
84717
85059
85270
85307
85323
85486
85582
85591
85801
85960
85973
85986
86009
86065
86162
86166
86181
86381
86403
86556
86571
86706
86820
86901
87114
87117
87119
87238
87293
87478
87688
87940
88160
88199
88316
88573
88847
88957
88963
88983
89103
89119
89185
89434
89640
89650
89727
89946
90476
90933
91072
91182
91216
91222
91307
91308
91343
91373
91485
91508
91532
91718
91734
92052
92060
92084
92097
92169
92278
92291
92395
92405
92440
92474
92666
92670
92678
92686
92699
92953
93168
93197
93509
93552
93608
93632
93639
93798
93972
93987
94003
94018
94102
94213
94261
94364
94384
94395
94429
94637
94664
94691
94704
94746
94833
95004
95390
95658
95754
95782
95857
95948
95959
95984
95996
96102
96156
96169
96173
96472
96504
96535
96566
96582
96745
96748
96800
96839
96873
96953
97007
97521
97573
97643
97667
97721
97826
98033
98144
98163
98271
98491
98549
98576
98611
98699
99109
99187
99274
99335
99344
99514
99552
99589
99648
99872
99910
99975
