10226
10313
10418
10644
10670
10744
10794
10801
10805
10822
11115
11248
11293
11293
11293
11293
11293
11293
11307
11574
11763
11772
12495
12508
12794
12795
12887
12967
13083
13408
13437
13630
13677
13757
13777
13991
14132
14162
14389
14398
14438
14458
14512
14722
15236
15356
15368
15593
15652
16834
16963
17000
17587
17769
17870
18034
18166
18277
18348
18518
18552
18737
18741
18925
19142
19223
19268
19380
19419
19454
19526
19600
19791
19968
20133
20228
20461
20462
20821
20843
21201
21306
21306
21306
21306
21306
21306
21306
21306
21420
21538
21650
21780
21975
21995
22051
22065
22080
22311
22440
22480
22798
22897
22897
22897
22897
22897
22940
23217
23325
23333
23484
23498
23550
23562
23907
24307
24557
24559
24610
24791
24791
24791
24791
24791
24936
24943
25151
25272
25615
25654
25666
26129
26191
26374
26374
26374
26374
26374
26374
26374
26374
26374
26374
26374
26374
26687
26808
26859
26950
26984
27043
27399
27427
27430
27558
27698
27795
27834
27971
28059
28214
28326
28326
28326
28326
28326
28326
28326
28326
28326
28326
28326
28326
28326
28326
28326
28326
28326
28326
28326
28326
28461
28570
28655
28879
28988
29078
29320
29503
29690
29694
29797
29914
29940
29954
29956
30035
30120
30120
30120
30120
30252
30509
30582
30786
31098
31491
31571
31571
31571
31571
31571
31571
31571
31571
31571
31571
31571
31571
31571
31571
31571
31571
31571
31571
31723
31899
32010
32409
32659
32691
33144
33390
33837
33837
33837
33837
33837
33837
33837
33837
33837
33837
33837
33837
33868
33885
34097
34312
34347
34423
34428
34484
34683
35070
35169
35418
35597
35627
35639
35779
36019
36161
36600
36600
36600
36600
36600
36600
36600
36600
36600
36600
36600
36600
36600
36600
36600
36600
36600
36659
36687
36796
36917
37018
37070
37114
37497
37497
37497
37543
37752
38104
38315
38522
38756
38756
38756
38756
38756
38756
38756
38756
38756
38756
38775
38864
38944
38982
39027
39148
39275
39494
39694
39741
39741
39741
39741
39741
39741
39741
39741
39741
39741
39741
39741
39741
39741
39741
39880
39885
39899
40204
40266
40287
40392
40423
40579
41031
41187
41238
41331
41568
41905
42031
42238
42336
42389
42514
42638
42850
42928
43162
43212
43227
43799
43878
44410
44570
44870
45181
45462
45613
45613
45613
45613
45613
45613
45613
45613
45613
45613
45613
45613
45613
45613
45613
45613
45613
45633
45967
46055
46063
46856
47113
47153
47428
47902
48066
48087
48222
48563
48607
48955
48956
49059
49769
50053
50209
50395
50436
50528
50627
50890
51437
51517
51751
52004
52251
52279
52311
52625
52672
52774
52782
53011
53200
53263
53662
53687
53714
53862
53874
53884
53926
54107
54202
54203
54266
54307
54313
54465
54584
54610
54738
54989
55131
55131
55131
55131
55131
55131
55131
55131
55131
55131
55131
55131
55416
55505
56060
56060
56060
56060
56060
56060
56060
56060
56060
56060
56060
56060
56060
56060
56060
56060
56060
56060
56060
56060
56078
56233
56348
56352
56612
56655
56773
56773
56773
56773
56775
56923
56981
57010
57082
57082
57082
57082
57082
57082
57082
57082
57082
57082
57082
57082
57082
57082
57082
57082
57082
57082
57082
57094
57468
57484
57572
57607
57779
57853
57964
57964
57964
57964
57964
57964
57964
57964
57964
57964
57964
58248
58472
58553
58684
58819
58983
59056
59296
59523
59716
59756
59816
59959
59959
59959
59959
59959
59959
59959
59959
59959
59959
59959
60253
60690
60690
60690
61026
61270
61431
61567
61796
61805
61863
61876
61876
61876
61876
61876
61876
61876
61876
61876
61876
61876
61876
61876
61876
61876
61876
61876
61876
61876
61948
61958
62336
62381
62505
62517
62574
62631
62695
62781
62781
62781
62781
62824
62988
63529
63844
63856
64032
64134
64308
64487
64533
64652
64896
64955
65072
65200
65211
65319
65506
65512
65553
65652
65867
65871
66077
66157
66240
66292
66294
66308
66429
66429
66429
66429
66429
66429
66429
66429
66429
66429
66429
66429
66429
66429
66429
66429
66720
66912
66923
66923
66923
66923
66923
66923
66923
66923
66923
66923
66923
67264
67392
67701
68325
68547
68569
68664
68712
68730
68753
68761
68940
69207
69363
69406
69471
69578
69578
69640
69743
70211
70442
70447
70483
70751
70755
70801
70815
70870
71006
71029
71150
71451
71495
71531
71581
71606
71668
72026
72533
72533
72533
72533
72533
72533
72533
72533
72533
72568
72636
72703
72755
72991
73001
73723
73936
74248
74248
74248
74248
74248
74248
74248
74404
74408
74550
74875
75100
75129
75639
76136
76391
76512
76566
77129
77596
77607
77608
77742
78032
78034
78098
78226
78246
78246
78246
78246
78246
78246
78246
78246
78246
78246
78246
78246
78246
78254
78267
78545
78550
78868
79240
79435
79494
79616
79698
80011
80065
80109
80189
80803
80913
80919
80949
80949
80949
80949
80949
80949
81726
81770
81872
81929
81984
82018
82170
82515
82628
82687
83141
83154
83213
83283
83391
83420
83454
83600
83656
83680
83908
83930
83969
84105
84160
84870
85055
85216
85362
85400
85514
85632
85861
85950
85982
86203
86333
86464
86690
86827
86837
86868
86975
86978
87003
87009
87204
87206
87456
87545
87841
88028
88366
88758
88848
89269
89320
89413
89446
89828
89861
89903
89912
90026
90071
90078
90116
90360
90508
90678
90966
91182
91182
91182
91182
91182
91182
91182
91182
91182
91182
91182
91182
91182
91182
91182
91182
91182
91182
91182
91236
91637
91941
92176
92313
92472
92616
92626
93552
93557
93677
93799
93818
93977
94018
94018
94018
94018
94018
94102
94102
94102
94102
94102
94102
94102
94102
94102
94102
94102
94102
94102
94102
94102
94102
94102
94323
94582
94777
94871
94963
94974
94980
95114
95243
95736
95754
95754
95754
95754
95754
95754
95754
95754
95754
95754
95959
95959
95959
95959
95959
95959
95959
95959
95959
95959
95959
95959
95959
95959
96426
96472
96472
96472
96472
96472
96472
96472
96472
96472
96472
96472
96472
96472
96472
96472
96472
96472
96472
96472
96472
96501
96504
96504
96504
96504
96504
96504
96504
96504
96504
96504
96504
96504
96504
96564
96748
96748
96999
97100
97177
97243
97381
97476
97659
97675
97721
97721
97794
97868
97882
98018
98113
98520
98589
98969
99090
99175
99229
99487
99552
99552
99552
99552
99552
99552
99552
99552
99552
99552
99641
99655
99863
99879
99991
